function C = Cf3(H_3,L11,L12,L21,L22,L31,R11,R12,R13,R21,R22,R23,R31,R32,R33,e01,e02,e03,e11,e12,e13,e21,e22,e23,e31,e32,e33)
%Cf3
%    C = Cf3(H_3,L11,L12,L21,L22,L31,R11,R12,R13,R21,R22,R23,R31,R32,R33,E01,E02,E03,E11,E12,E13,E21,E22,E23,E31,E32,E33)

%    This function was generated by the Symbolic Math Toolbox version 24.2.
%    11-Sep-2025 19:07:51

t2 = e01.^2;
t3 = e02.^2;
t4 = e03.^2;
t5 = e23.^2;
t6 = e31.^2;
t7 = e32.^2;
t8 = e33.^2;
t9 = e01.*e11.*2.0;
t10 = e02.*e12.*2.0;
t11 = e03.*e13.*2.0;
t12 = e01.*e21.*2.0;
t13 = e02.*e22.*2.0;
t14 = e11.*e31.*2.0;
t15 = e12.*e32.*2.0;
t16 = e21.*e31.*2.0;
t17 = e22.*e32.*2.0;
t18 = e23.*e33.*2.0;
t26 = e01.*e11.*2.0e+2;
t27 = e02.*e12.*2.0e+2;
t28 = e03.*e13.*2.0e+2;
t29 = e01.*e21.*2.0e+2;
t30 = e02.*e22.*2.0e+2;
t31 = e03.*e23.*2.0e+2;
t32 = e01.*e31.*2.0e+2;
t33 = e11.*e21.*2.0e+2;
t34 = e02.*e32.*2.0e+2;
t35 = e12.*e22.*2.0e+2;
t36 = e03.*e33.*2.0e+2;
t37 = e13.*e23.*2.0e+2;
t38 = e11.*e31.*2.0e+2;
t39 = e12.*e32.*2.0e+2;
t40 = e13.*e33.*2.0e+2;
t41 = e21.*e31.*2.0e+2;
t42 = e22.*e32.*2.0e+2;
t43 = e23.*e33.*2.0e+2;
t19 = t2.*2.0;
t20 = t3.*2.0;
t21 = t4.*2.0;
t22 = t6.*2.0;
t23 = t7.*2.0;
t24 = -t16;
t25 = -t17;
t44 = t2.*2.0e+2;
t45 = t3.*2.0e+2;
t46 = t4.*2.0e+2;
t47 = -t32;
t48 = -t34;
t49 = -t36;
t50 = t12+t14;
t51 = t13+t15;
t56 = R11+t29+t38;
t57 = R12+t30+t39;
t58 = R13+t31+t40;
t52 = t9+t24;
t53 = t10+t25;
t54 = t19+t22-1.0;
t55 = t20+t23-1.0;
t59 = R11+t33+t47;
t60 = R12+t35+t48;
t61 = R13+t37+t49;
mt1 = [R11+L11.*t50;R21-L11.*t52;R31+L11.*t54;-t56.*(R21+t44+e21.^2.*2.0e+2-1.0e+2)+t59.*(R21-t26+t41);t56.*(R31+t26+t41)-t59.*(R31+t6.*2.0e+2+t44-1.0e+2);R11-R12-L12.*t50-L21.*t51;R21-R22+L12.*t52+L21.*t53;R31-R32-L12.*t54-L21.*t55;-t57.*(R22+t45+e22.^2.*2.0e+2-1.0e+2)+t60.*(R22-t27+t42);t57.*(R32+t27+t42)-t60.*(R32+t7.*2.0e+2+t45-1.0e+2)];
mt2 = [R12-R13-L22.*t51-H_3.*(e03.*e23.*2.0+e13.*e33.*2.0)-L31.*(e03.*e33.*2.0-e13.*e23.*2.0);R22-R23+L22.*t53+H_3.*(t11-t18)+L31.*(t5.*2.0+t21-1.0);R32-R33-L22.*t55-H_3.*(t8.*2.0+t21-1.0)+L31.*(t11+t18);t61.*(R23-t28+t43)-t58.*(R23+t5.*2.0e+2+t46-1.0e+2);t58.*(R33+t28+t43)-t61.*(R33+t8.*2.0e+2+t46-1.0e+2)];
C = [mt1;mt2];
end
