function Cq = Cqf3(H_3,L11,L12,L21,L22,L31,R11,R12,R13,R21,R22,R23,R31,R32,R33,e01,e02,e03,e11,e12,e13,e21,e22,e23,e31,e32,e33)
%Cqf3
%    Cq = Cqf3(H_3,L11,L12,L21,L22,L31,R11,R12,R13,R21,R22,R23,R31,R32,R33,E01,E02,E03,E11,E12,E13,E21,E22,E23,E31,E32,E33)

%    This function was generated by the Symbolic Math Toolbox version 24.2.
%    02-Oct-2025 21:00:03

t2 = e01.^2;
t3 = e02.^2;
t4 = e03.^2;
t5 = e21.^2;
t6 = e22.^2;
t7 = e23.^2;
t8 = e31.^2;
t9 = e32.^2;
t10 = e33.^2;
t11 = H_3.*e03.*2.0;
t12 = H_3.*e13.*2.0;
t13 = H_3.*e23.*2.0;
t14 = H_3.*e33.*2.0;
t15 = L11.*e01.*2.0;
t16 = L12.*e01.*2.0;
t17 = L11.*e11.*2.0;
t18 = L12.*e11.*2.0;
t19 = L21.*e02.*2.0;
t20 = L22.*e02.*2.0;
t21 = L11.*e21.*2.0;
t22 = L12.*e21.*2.0;
t23 = L21.*e12.*2.0;
t24 = L22.*e12.*2.0;
t25 = L31.*e03.*2.0;
t26 = L11.*e31.*2.0;
t27 = L12.*e31.*2.0;
t28 = L21.*e22.*2.0;
t29 = L22.*e22.*2.0;
t30 = L31.*e13.*2.0;
t31 = L21.*e32.*2.0;
t32 = L22.*e32.*2.0;
t33 = L31.*e23.*2.0;
t34 = L31.*e33.*2.0;
t43 = e01.*e11.*2.0e+2;
t44 = e02.*e12.*2.0e+2;
t45 = e03.*e13.*2.0e+2;
t46 = e01.*e21.*2.0e+2;
t47 = e02.*e22.*2.0e+2;
t48 = e03.*e23.*2.0e+2;
t49 = e01.*e31.*2.0e+2;
t50 = e11.*e21.*2.0e+2;
t51 = e02.*e32.*2.0e+2;
t52 = e12.*e22.*2.0e+2;
t53 = e03.*e33.*2.0e+2;
t54 = e13.*e23.*2.0e+2;
t55 = e11.*e31.*2.0e+2;
t56 = e12.*e32.*2.0e+2;
t57 = e13.*e33.*2.0e+2;
t58 = e21.*e31.*2.0e+2;
t59 = e22.*e32.*2.0e+2;
t60 = e23.*e33.*2.0e+2;
t35 = -t13;
t36 = -t14;
t37 = -t22;
t38 = -t27;
t39 = -t28;
t40 = -t29;
t41 = -t31;
t42 = -t32;
t61 = t2.*2.0e+2;
t62 = t3.*2.0e+2;
t63 = t4.*2.0e+2;
t64 = t5.*2.0e+2;
t65 = t6.*2.0e+2;
t66 = t7.*2.0e+2;
t67 = t8.*2.0e+2;
t68 = t9.*2.0e+2;
t69 = t10.*2.0e+2;
t70 = -t43;
t71 = -t44;
t72 = -t45;
t73 = -t49;
t74 = -t51;
t75 = -t53;
t79 = R11+t46+t55;
t80 = R12+t47+t56;
t81 = R13+t48+t57;
t82 = R31+t43+t58;
t83 = R32+t44+t59;
t84 = R33+t45+t60;
t76 = -t61;
t77 = -t62;
t78 = -t63;
t85 = R11+t50+t73;
t86 = R12+t52+t74;
t87 = R13+t54+t75;
t88 = R21+t58+t70;
t89 = R22+t59+t71;
t90 = R23+t60+t72;
t91 = R21+t61+t64-1.0e+2;
t92 = R22+t62+t65-1.0e+2;
t93 = R23+t63+t66-1.0e+2;
t94 = R31+t61+t67-1.0e+2;
t95 = R32+t62+t68-1.0e+2;
t96 = R33+t63+t69-1.0e+2;
mt1 = [1.0,0.0,0.0,t58-t64+t70+t76+1.0e+2,t43+t58-t67+t76+1.0e+2,1.0,0.0,0.0,0.0,0.0,0.0,0.0,0.0,0.0,0.0,0.0,1.0,0.0,-t46+t50-t55+t73,0.0,0.0,1.0,0.0,0.0,0.0,0.0,0.0,0.0,0.0,0.0,0.0,0.0,1.0,0.0,t46+t49-t50+t55,0.0,0.0,1.0,0.0,0.0,0.0,0.0,0.0,0.0,0.0,t21,-t17,L11.*e01.*4.0,e01.*t79.*-4.0e+2-e11.*t85.*2.0e+2-e21.*t91.*2.0e+2-e31.*t88.*2.0e+2,e01.*t85.*-4.0e+2+e11.*t79.*2.0e+2+e21.*t82.*2.0e+2+e31.*t94.*2.0e+2,t37,t18,L12.*e01.*-4.0,0.0,0.0,0.0,0.0,0.0,0.0,0.0,t26,-t15,0.0,e01.*t85.*-2.0e+2+e21.*t88.*2.0e+2-e31.*t91.*2.0e+2];
mt2 = [e01.*t79.*2.0e+2+e31.*t82.*2.0e+2-e21.*t94.*2.0e+2,t38,t16,0.0,0.0,0.0,0.0,0.0,0.0,0.0,0.0,t15,t26,0.0,e01.*t91.*-2.0e+2+e11.*t88.*2.0e+2-e21.*t79.*4.0e+2+e31.*t85.*2.0e+2,e01.*t82.*2.0e+2-e11.*t94.*2.0e+2+e31.*t79.*2.0e+2,-t16,t38,0.0,0.0,0.0,0.0,0.0,0.0,0.0,0.0,t17,t21,L11.*e31.*4.0,e01.*t88.*-2.0e+2-e11.*t91.*2.0e+2+e21.*t85.*2.0e+2,e11.*t82.*2.0e+2+e01.*t94.*2.0e+2+e21.*t79.*2.0e+2-e31.*t85.*4.0e+2,-t18,t37,L12.*e31.*-4.0,0.0,0.0,0.0,0.0,0.0,0.0,0.0,0.0,0.0,0.0,0.0,0.0,-1.0,0.0,0.0,t59-t65+t71+t77+1.0e+2,t44+t59-t68+t77+1.0e+2,1.0,0.0,0.0,0.0,0.0,0.0];
mt3 = [0.0,0.0,0.0,0.0,0.0,-1.0,0.0,-t47+t52-t56+t74,0.0,0.0,1.0,0.0,0.0,0.0,0.0,0.0,0.0,0.0,0.0,0.0,0.0,-1.0,0.0,t47+t51-t52+t56,0.0,0.0,1.0,0.0,0.0,0.0,0.0,0.0,0.0,0.0,t39,t23,L21.*e02.*-4.0,e02.*t80.*-4.0e+2-e12.*t86.*2.0e+2-e22.*t92.*2.0e+2-e32.*t89.*2.0e+2,e02.*t86.*-4.0e+2+e12.*t80.*2.0e+2+e22.*t83.*2.0e+2+e32.*t95.*2.0e+2,t40,t24,L22.*e02.*-4.0,0.0,0.0,0.0,0.0,0.0,0.0,0.0,t41,t19,0.0,e02.*t86.*-2.0e+2+e22.*t89.*2.0e+2-e32.*t92.*2.0e+2,e02.*t80.*2.0e+2+e32.*t83.*2.0e+2-e22.*t95.*2.0e+2,t42,t20,0.0,0.0,0.0,0.0,0.0,0.0,0.0,0.0,-t19,t41,0.0];
mt4 = [e02.*t92.*-2.0e+2+e12.*t89.*2.0e+2-e22.*t80.*4.0e+2+e32.*t86.*2.0e+2,e02.*t83.*2.0e+2-e12.*t95.*2.0e+2+e32.*t80.*2.0e+2,-t20,t42,0.0,0.0,0.0,0.0,0.0,0.0,0.0,0.0,-t23,t39,L21.*e32.*-4.0,e02.*t89.*-2.0e+2-e12.*t92.*2.0e+2+e22.*t86.*2.0e+2,e12.*t83.*2.0e+2+e02.*t95.*2.0e+2+e22.*t80.*2.0e+2-e32.*t86.*4.0e+2,-t24,t40,L22.*e32.*-4.0,0.0,0.0,0.0,0.0,0.0,0.0,0.0,0.0,0.0,0.0,0.0,0.0,-1.0,0.0,0.0,t60-t66+t72+t78+1.0e+2,t45+t60-t69+t78+1.0e+2,0.0,0.0,0.0,0.0,0.0,0.0,0.0,0.0,0.0,0.0,0.0,-1.0,0.0,-t48+t54-t57+t75,0.0,0.0,0.0,0.0,0.0,0.0,0.0,0.0,0.0,0.0];
mt5 = [0.0,0.0,0.0,-1.0,0.0,t48+t53-t54+t57,0.0,0.0,0.0,0.0,0.0,0.0,0.0,0.0,0.0,0.0,-t34+t35,t12+L31.*e03.*4.0,t30-H_3.*e03.*4.0,e03.*t81.*-4.0e+2-e13.*t87.*2.0e+2-e23.*t93.*2.0e+2-e33.*t90.*2.0e+2,e03.*t87.*-4.0e+2+e13.*t81.*2.0e+2+e23.*t84.*2.0e+2+e33.*t96.*2.0e+2,0.0,0.0,0.0,0.0,0.0,0.0,0.0,0.0,0.0,0.0,t33+t36,t11,t25,e03.*t87.*-2.0e+2+e23.*t90.*2.0e+2-e33.*t93.*2.0e+2,e03.*t81.*2.0e+2+e33.*t84.*2.0e+2-e23.*t96.*2.0e+2,0.0,0.0,0.0,0.0,0.0,0.0,0.0,0.0,0.0,0.0,-t11+t30,t36+L31.*e23.*4.0,t34];
mt6 = [e03.*t93.*-2.0e+2+e13.*t90.*2.0e+2-e23.*t81.*4.0e+2+e33.*t87.*2.0e+2,e03.*t84.*2.0e+2-e13.*t96.*2.0e+2+e33.*t81.*2.0e+2,0.0,0.0,0.0,0.0,0.0,0.0,0.0,0.0,0.0,0.0,-t12-t25,t35,t33-H_3.*e33.*4.0,e03.*t90.*-2.0e+2-e13.*t93.*2.0e+2+e23.*t87.*2.0e+2,e13.*t84.*2.0e+2+e03.*t96.*2.0e+2+e23.*t81.*2.0e+2-e33.*t87.*4.0e+2];
Cq = reshape([mt1,mt2,mt3,mt4,mt5,mt6],15,21);
end
