% Subtendon Data for Surface 1
scale=1e-6;

curve1=scale*[
6029.29 14116.99;
5738.69 14112.54;
5503.87 14087.44;
5339.66 14043.21;
5193.59 13965.69;
5100.84 13891.04;
4975.08 13749.35;
4868.98 13575.63;
4756.26 13308.59;
4606.36 12874.90;
4477.41 12578.23;
4317.28 12302.78;
4115.39 11995.69;
];

curve2=scale*[
4115.39 11995.69;
3992.15 11758.85;
3900.21 11487.12;
3835.12 11155.65;
3785.00 10703.06;
3779.36 10392.84;
3804.86 10182.98;
3849.80 10026.43;
3915.20 9907.49;
4012.57 9812.97;
];

curve3=scale*[
4012.57 9812.97;
4138.01 9748.47;
4287.38 9718.60;
4432.59 9732.39;
4610.83 9794.85;
4894.42 9934.62;
5116.54 10014.48;
5297.25 10040.43;
5471.45 10027.23;
];

curve4=scale*[
5471.45 10027.23;
5645.02 9971.78;
5795.75 9876.50;
5960.61 9716.46;
6189.54 9458.97;
6364.48 9288.39;
6539.95 9163.53;
6726.84 9077.14;
6966.57 9015.46;
7278.42 8975.46;
7484.78 8974.13;
7663.61 9004.16;
];

curve5=scale*[
7663.61 9004.16;
7845.31 9079.69;
7990.73 9181.71;
8127.74 9328.61;
8207.24 9465.60;
8245.50 9605.16;
8248.03 9757.57;
8211.17 10067.60;
8193.63 10202.25;
8142.40 10772.86;
8119.03 11092.68;
8029.92 12159.73;
7996.95 12407.14;
7941.48 12665.59;
];

curve6=scale*[
7941.48 12665.59;
7866.82 12874.78;
7753.03 13072.08;
7606.36 13251.92;
7368.80 13476.07;
7107.17 13676.61;
6780.91 13873.96;
6479.97 14011.26;
6256.04 14083.37;
6029.29 14116.99;
];

% collect all original data

%data_1={flipud(curve6);flipud(curve5);flipud(curve4);flipud(curve3);flipud(curve2);flipud(curve1)};
data_1={curve1;curve2;curve3;curve4;curve5;curve6};
