% Subtendon Data for Surface 1
scale=1e-6;

curve1=scale*[
5833.38 1278.36;
5984.31 1090.29;
6306.81 766.68;
6581.24 532.72;
6822.95 372.09;
7098.99 235.23;
7380.30 125.40;
7668.18 49.54;
7949.04 14.58;
8346.37 7.25;
8682.52 27.69;
8923.25 66.27;
9080.35 118.72;
9208.08 191.66;
];

curve2=scale*[
9208.08 191.66;
9312.91 290.58;
9382.10 406.85;
9431.26 557.52;
9462.57 765.54;
9459.47 1021.94;
9417.47 1304.46;
9339.30 1630.48;
9258.35 1847.77;
9149.29 2039.75;
8983.20 2280.42;
8734.48 2684.69;
8612.76 2855.37;
];

curve3=scale*[
8612.76 2855.37;
8493.98 2963.47;
8361.90 3032.35;
8192.62 3081.69;
7971.41 3114.49;
7603.02 3151.58;
7398.86 3193.71;
7216.31 3262.22;
7049.03 3366.52;
6914.94 3495.07;
6795.94 3654.11;
6598.52 3915.78;
];

curve4=scale*[
6598.52 3915.78;
6403.28 4125.03;
6187.65 4307.69;
6006.69 4420.43;
5813.08 4497.60;
5608.94 4536.48;
5442.11 4536.28;
5304.09 4508.56;
5173.47 4451.13;
5074.67 4376.35;
];

curve5=scale*[
5074.67 4376.35;
5005.33 4282.52;
4971.72 4175.55;
4963.12 4023.42;
4970.81 3884.02;
4999.36 3567.98;
5061.56 3168.63;
5158.86 2783.33;
5289.14 2422.07;
5478.42 2002.17;
5714.70 1491.43;
5833.38 1278.36;
];

% collect all original data

%data_1={flipud(curve5);flipud(curve4);flipud(curve3);flipud(curve2);flipud(curve1)};
data_1={curve1;curve2;curve3;curve4;curve5};
