% Subtendon Data for Surface 1
scale=1e-6;

curve1=scale*[
4521.78 6224.45;
4757.66 5706.69;
4924.48 5412.43;
5116.82 5156.26;
5351.44 4923.22;
5656.68 4684.71;
6046.17 4412.14;
6397.69 4135.05;
6647.02 3883.57;
6877.00 3584.08;
7040.06 3406.59;
7235.92 3270.54;
7441.17 3184.83;
7646.89 3146.10;
];

curve2=scale*[
7646.89 3146.10;
7831.93 3154.45;
8003.56 3209.80;
8151.86 3309.65;
8254.44 3436.46;
8328.45 3597.72;
8394.64 3843.61;
8440.69 4180.59;
8450.30 4558.81;
8435.11 4944.98;
];

curve3=scale*[
8435.11 4944.98;
8377.66 5872.07;
8318.52 7112.71;
8291.00 7803.46;
8249.20 8143.32;
8182.21 8381.81;
8073.69 8603.99;
7961.06 8750.11;
7828.35 8854.13;
7663.91 8921.07;
7431.18 8963.15;
7117.87 8992.22;
6824.29 9045.52;
];

curve4=scale*[
6824.29 9045.52;
6590.59 9135.89;
6391.99 9265.78;
6177.66 9471.93;
5934.27 9744.74;
5762.41 9902.19;
5587.77 9995.65;
5392.05 10038.29;
5199.95 10030.21;
];

curve5=scale*[
5199.95 10030.21;
4991.89 9975.21;
4790.32 9885.81;
4488.50 9732.52;
4307.94 9611.26;
4171.64 9460.08;
4045.71 9240.93;
3962.53 8997.23;
3915.09 8712.88;
3906.21 8369.37;
3943.03 7944.64;
4019.29 7531.57;
];

curve6=scale*[
4019.29 7531.57;
4144.96 7136.73;
4448.24 6395.96;
4521.78 6224.45;
];

% collect all original data

%data_1={flipud(curve6);flipud(curve5);flipud(curve4);flipud(curve3);flipud(curve2);flipud(curve1)};
data_1={curve1;curve2;curve3;curve4;curve5;curve6};
