%% Subtendon (MG, Type 3)
scale=1/3000*0.0536;
curve1=scale*[330 167
        317 212
        308 262
        316 311
        327 352];
curve2=scale*[327 352
        233 347
        128 317
        40 257
        8 187
        13 156
        26 130];
curve3=scale*[26 130
        187 157
        330 167];  

% collect all original data
data_1={curve1;curve2;curve3};
